098149
099993
099422
099755
099339
099494
099842
098462
099826
099840
099000
099750
099638
099885
099411
098035
098984
098171
098263
099763
098914
099402
099912
099940
099568
099639
099340
099335
099802
099026
099987
099106
099823
099418
099405
098011
099320
098201
099333
099010
099185
099534
098948
098147
099457
098928
098932
098157
098968
099589
098122
099493
099849
099454
098077
099774
098113
099836
099737
098091
099420
099093
098991
098453
099725
099002
099018
098236
099426
099758
099805
098185
099643
098268
099858
099365
099590
099054
099874
099618
099114
099961
099600
098981
099009
098145
099716
099835
099017
099708
099531
099006
098148
099395
099348
099487
098940
099066
099461
099635
098989
099057
098961
099366
099505
099764
099846
098935
099811
098103
099981
098197
098018
098198
099321
099918
098117
099168
099064
099033
099762
099023
099714
099013
099845
099640
099059
099703
099906
099116
099507
098060
099364
099901
098125
099637
098026
099821
099800
099305
099536
099274
099884
099131
098172
099229
099141
099206
099198
099459
099389
099717
098253
099417
099145
099605
098065
099334
099415
098000
099560
099049
099014
099157
099030
098087
099264
098126
099704
099312
099911
098926
099796
099859
099243
099222
099392
099140
099496
098167
099191
099669
098196
098179
099192
099174
099749
099547
099237
099759
098085
098086
098980
099544
098089
099990
098143
099919
099938
099956
099869
098127
098259
099833
099575
099230
099926
099729
099151
099160
099597
099709
099838
098173
098118
098903
099555
099360
099330
098912
098062
099810
098012
098140
099423
098986
098451
098281
099233
099062
099224
099817
099558
099394
099920
099504
099133
098003
099094
099476
098990
098074
098027
099371
099260
099984
098213
099181
099378
098925
099040
099647
098927
099403
099262
099996
099189
099311
099989
099880
098066
099019
099207
099965
099706
099930
098042
099319
098967
099723
099152
099798
099696
099445
098941
099199
099953
099175
098119
099983
099308
098163
099004
098264
099223
099488
099456
099256
099659
099377
098246
098006
098032
099518
099047
099791
099523
099342
099583
099588
098141
099296
099655
098258
099085
099829
099761
098234
098217
098175
099375
099384
099380
098917
099355
099576
098955
099236
099146
099552
099788
098004
098244
099871
099374
099368
098174
099538
099382
099287
098205
099187
099561
098135
099082
098942
099598
099513
098137
099163
099242
099564
098999
099935
099632
099743
099719
099277
098045
099526
098048
099413
099863
099601
098905
098222
099453
099650
098041
098910
099848
099694
099143
099695
099341
099255
099563
099398
099957
099383
099202
099815
098051
099662
099485
098136
099474
099468
099910
099787
099161
099851
099029
099196
098008
098930
099991
099664
099091
099164
098266
099068
099433
099092
099180
099315
099705
099909
098106
099529
099481
099118
098207
099221
098247
099867
099889
099962
099016
099592
098131
099571
099008
099572
099921
099379
098929
099986
099611
098030
099414
099720
099088
098154
099652
099208
099130
099892
099574
099211
099629
098016
099931
099812
099753
099258
099387
099171
098102
098245
099034
099612
099267
099731
099928
099060
098252
098221
099024
099351
098257
099128
099099
099537
099950
099769
099698
099244
099293
099776
098123
098022
098240
099741
098158
099110
098021
099089
098954
099681
099362
099520
099011
099042
099974
099015
099951
099044
099252
098151
099963
099046
098029
099186
099289
099955
099409
098146
098096
099363
099742
099801
098237
099850
098274
099372
099273
099512
098079
099914
099666
098993
099111
099058
098907
099559
099297
098996
098115
099215
099503
098072
099427
098230
099430
099286
099126
099444
098959
099309
099672
099891
099072
099412
099073
099734
099936
099050
099822
099942
098909
098933
099883
099003
099184
099781
098055
099467
099873
099967
099668
099809
098177
099053
098226
099803
099039
099063
099022
099228
099684
098184
098988
099219
098068
098271
099617
099393
099381
098902
099007
099506
099005
099032
099793
099980
098195
099944
099754
099777
098168
099231
098210
099609
098958
099490
099021
099968
099546
098998
099582
098275
099317
099862
099271
099949
099416
099500
099251
099432
099979
099626
099699
099732
099602
099876
099448
098178
098947
099654
099606
099177
098109
098152
099102
099045
099665
099527
098227
098962
098188
098099
098970
099061
099132
099027
099941
099524
099154
099149
099569
099497
099945
099035
098464
098114
099843
098250
099554
099566
099952
099790
098169
098267
099670
098946
098873
099084
099259
099757
099052
099121
098911
099225
099276
098982
099542
098064
099687
099577
099680
098101
099604
098278
098098
099483
099055
099511
099947
099041
098054
099627
099651
099127
099437
099864
099205
099087
099549
099471
099766
098024
099875
099995
099570
099115
099977
099326
099726
098005
099866
099746
099767
098913
099275
099074
099932
099621
099679
098974
099745
099633
099369
099998
098061
098211
098215
098975
099530
098200
098044
099933
098460
099220
099525
099852
099997
098952
099257
099827
099727
099167
099254
099441
099515
098142
099246
099436
099691
099241
099491
099428
098058
098270
099616
099966
099982
099660
098463
099404
098997
099562
098939
098093
098013
099772
099783
098088
098248
099367
098116
099689
099587
099841
099804
098206
099596
099615
099676
099294
099535
098235
099779
099331
099193
099613
098994
099298
099452
099897
099446
099543
099622
099120
099964
099288
099283
099069
098985
098104
098100
099900
099985
099808
098050
099239
099304
098129
099540
099376
098014
099740
099610
099886
099608
098190
099455
098076
099343
098007
099972
099673
098969
098276
099281
098028
098082
099460
099819
099830
