69338
36668
02531
64691
54918
54183
69058
64319
02789
54681
32268
69956
54133
69563
64853
54604
69468
36928
36497
64166
02147
02936
32460
02146
36954
02208
54720
36220
40752
54156
32192
54602
69013
36309
54361
54451
02144
02963
54120
54376
64171
54718
02391
54027
54199
54382
69862
32920
54474
40328
54861
32831
64973
64411
54407
36474
64250
40182
69495
54422
02553
54111
64182
32059
02956
40033
64474
02934
40088
54563
69413
64000
40691
54306
54545
69231
02184
54010
69345
54095
64423
64014
40446
36957
64816
40736
54898
02293
54098
32999
36521
02337
69193
40553
54389
54689
32120
54479
36115
54795
32005
40440
64345
40498
36958
36653
32608
69903
02461
02188
40774
69273
54106
40106
36965
69541
02237
54778
64863
69708
54200
64671
54664
54516
02179
54321
64280
69572
54904
69445
64300
32283
36062
02052
64257
36441
32668
54312
69599
02962
54295
54682
32359
36602
32220
36547
02062
69312
02388
54117
54002
64397
02294
64542
02079
32058
64374
32482
69607
02822
54044
54961
02812
54679
64938
40436
54589
32114
36394
64150
02541
36989
32784
69214
02100
02334
69318
32033
36387
02039
69187
02938
54149
54398
64719
02044
54158
69935
64386
36576
40116
02215
32610
02779
54153
64607
36531
69072
54209
32423
64678
69666
32727
54530
32827
36948
54539
36829
36112
40493
02946
02054
02206
64274
54548
54190
32678
02945
02646
02015
69731
54360
02298
32892
02186
54758
40530
54991
64609
02913
54301
02462
64398
40166
54598
36542
64707
69532
54833
32894
02556
69750
64879
54817
02483
69235
54015
32607
32511
64949
40451
54921
64806
02081
64342
54881
32866
64926
69780
02457
54022
32210
02928
69263
02891
54672
36649
64378
36155
02238
02500
36172
54596
02189
02886
64427
02444
40246
69299
64006
36003
64797
02773
69491
02985
02772
69854
02732
64953
02398
36105
32841
02874
36781
36767
64036
36759
36629
54535
40417
69928
02817
69378
64543
02842
54369
64174
54800
69148
40321
40044
32780
54623
40081
36496
54167
54409
64460
36944
69200
64004
64809
02554
02561
36952
40325
54874
54839
64773
02850
64051
54033
36462
40315
02557
02426
02068
69451
02105
54039
54943
02421
54719
02876
69645
36638
02768
54121
02983
32783
32295
32861
54533
64428
69503
54079
36595
69131
36773
64326
02191
32528
36917
64921
54966
02867
36883
54599
69449
64183
69770
02674
32097
02390
32332
40049
02927
54754
36183
32790
69019
69654
54752
02937
54059
02455
54119
69078
54810
02580
64911
64858
69698
40445
64050
02073
32284
54020
02932
02010
36450
54075
54208
02625
64437
02429
32886
69738
32431
36477
54352
69494
02594
64900
02114
02804
54076
64188
40450
02118
02254
40437
36485
64049
64612
54701
32798
64021
54665
02185
54770
32348
64722
69471
54502
02318
36560
64116
36927
69441
40455
54717
69584
02046
40428
40150
54242
36438
54557
54885
64281
69340
32138
54852
69427
02487
64262
32464
64955
54808
02722
54886
40472
54940
69005
54930
36464
54271
64261
54125
36975
36250
54082
64176
02567
54526
32512
54847
32271
64909
64939
02365
54192
36996
36803
64751
32855
64559
54154
32152
64267
40527
54028
64187
54923
32290
36005
69768
02169
02290
32032
02430
69381
40699
64776
64972
32227
02887
54412
69197
54296
36517
36156
32185
32130
64674
64424
40487
54351
02974
64180
54854
36980
02736
02618
69933
54305
36000
40569
36796
54683
36778
54421
