02001
02005
02010
02011
02013
02015
02016
02021
02034
02036
02037
02038
02039
02044
02046
02049
02051
02052
02053
02054
02055
02057
02059
02062
02068
02069
02073
02074
02075
02079
02080
02081
02084
02086
02096
02097
02100
02102
02104
02105
02110
02114
02118
02124
02140
02141
02144
02146
02147
02148
02157
02159
02160
02162
02169
02175
02177
02179
02183
02184
02185
02186
02188
02189
02190
02191
02202
02205
02206
02207
02208
02215
02235
02236
02237
02238
02254
02255
02284
02286
02290
02291
02292
02293
02294
02298
02301
02308
02318
02334
02337
02338
02361
02364
02365
02366
02369
02376
02388
02390
02391
02392
02398
02419
02421
02426
02429
02430
02437
02439
02444
02447
02453
02455
02457
02461
02462
02463
02467
02471
02483
02487
02500
02525
02528
02531
02539
02541
02542
02553
02554
02556
02557
02561
02564
02567
02573
02574
02580
02591
02594
02599
02602
02618
02624
02625
02645
02646
02652
02674
02692
02698
02699
02709
02711
02714
02722
02732
02736
02737
02755
02756
02768
02772
02773
02777
02778
02779
02782
02785
02786
02789
02791
02803
02804
02808
02809
02812
02813
02814
02817
02822
02828
02831
02842
02843
02850
02851
02867
02873
02874
02876
02877
02886
02887
02891
02898
02909
02913
02917
02920
02924
02925
02927
02928
02932
02933
02934
02935
02936
02937
02938
02945
02946
02947
02956
02957
02958
02959
02960
02962
02963
02968
02969
02970
02971
02974
02977
02983
02984
02985
02991
02993
02997
32005
32008
32028
32032
32033
32058
32059
32061
32067
32082
32091
32094
32097
32114
32120
32130
32138
32140
32151
32152
32161
32165
32175
32183
32185
32190
32192
32204
32210
32220
32227
32255
32268
32271
32272
32283
32284
32286
32288
32290
32295
32311
32332
32337
32341
32347
32348
32359
32360
32361
32379
32404
32414
32421
32423
32431
32437
32448
32451
32455
32460
32461
32464
32482
32510
32511
32512
32528
32559
32606
32607
32608
32610
32629
32658
32668
32669
32678
32681
32688
32691
32708
32710
32715
32718
32721
32724
32727
32729
32733
32735
32762
32774
32778
32780
32783
32784
32788
32790
32798
32820
32825
32827
32830
32831
32841
32850
32855
32861
32862
32865
32866
32873
32886
32890
32892
32894
32902
32906
32909
32916
32920
32932
32935
32975
32982
32994
32999
36000
36003
36005
36013
36061
36062
36063
36064
36065
36076
36105
36112
36115
36123
36146
36148
36149
36152
36155
36156
36158
36166
36167
36172
36175
36183
36185
36186
36219
36220
36242
36244
36249
36250
36252
36256
36258
36282
36284
36285
36286
36309
36350
36371
36381
36382
36387
36394
36401
36427
36431
36438
36441
36443
36450
36462
36464
36466
36472
36474
36477
36485
36491
36492
36496
36497
36499
36514
36517
36521
36531
36537
36542
36544
36546
36547
36555
36560
36576
36595
36597
36598
36602
36605
36608
36613
36624
36629
36638
36649
36653
36668
36696
36697
36706
36725
36738
36741
36742
36759
36767
36771
36773
36778
36781
36784
36792
36796
36803
36816
36825
36829
36834
36838
36845
36877
36883
36899
36900
36905
36911
36917
36920
36925
36927
36928
36944
36948
36951
36952
36954
36956
36957
36958
36965
36975
36980
36983
36985
36989
36995
36996
40005
40033
40044
40045
40049
40081
40088
40096
40106
40116
40117
40123
40150
40152
40165
40166
40182
40204
40232
40241
40245
40246
40302
40315
40321
40325
40328
40347
40359
40363
40375
40417
40428
40436
40437
40440
40445
40446
40447
40450
40451
40454
40455
40464
40472
40487
40493
40498
40526
40527
40530
40539
40541
40553
40557
40569
40571
40627
40639
40686
40691
40699
40726
40736
40751
40752
40765
40774
40959
54001
54002
54005
54009
54010
54013
54015
54020
54022
54023
54027
54028
54029
54033
54039
54044
54059
54070
54075
54076
54079
54080
54082
54088
54089
54094
54095
54098
54103
54106
54111
54117
54118
54119
54120
54121
54124
54125
54127
54129
54131
54133
54139
54149
54151
54153
54154
54156
54158
54160
54164
54167
54171
54177
54179
54181
54182
54183
54188
54189
54190
54192
54193
54197
54198
54199
54200
54201
54206
54207
54208
54209
54234
54242
54245
54259
54266
54270
54271
54286
54289
54291
54292
54295
54296
54299
54300
54301
54305
54306
54307
54311
54312
54313
54321
54322
54330
54333
54335
54337
54341
54347
54350
54351
54352
54354
54358
54360
54361
54369
54376
54382
54389
54394
54396
54398
54401
54402
54403
54404
54405
54407
54408
54409
54412
54418
54421
54422
54451
54452
54474
54476
54477
54479
54502
54509
54512
54516
54517
54519
54521
54525
54526
54527
54528
54530
54531
54533
54535
54539
54545
54548
54554
54557
54558
54560
54563
54564
54574
54589
54594
54596
54598
54599
54602
54604
54606
54611
54614
54623
54640
54660
54664
54665
54666
54670
54672
54675
54679
54681
54682
54683
54689
54690
54698
54701
54717
54718
54719
54720
54725
54726
54736
54737
54738
54743
54747
54749
54750
54751
54752
54754
54755
54758
54761
54767
54770
54773
54778
54779
54789
54792
54793
54795
54797
54800
54806
54808
54810
54813
54817
54822
54832
54833
54839
54842
54843
54845
54847
54852
54853
54854
54856
54861
54874
54878
54881
54885
54886
54898
54904
54917
54918
54919
54921
54922
54923
54927
54930
54935
54940
54942
54943
54961
54966
54987
54988
54991
54994
54995
54999
64000
64003
64004
64006
64010
64014
64021
64026
64027
64035
64036
64042
64045
64049
64050
64051
64054
64055
64091
64095
64102
64116
64119
64126
64127
64150
64151
64160
64166
64171
64174
64176
64180
64181
64182
64183
64187
64188
64195
64209
64210
64212
64216
64218
64219
64220
64221
64228
64229
64249
64250
64254
64257
64261
64262
64267
64274
64280
64281
64285
64297
64300
64301
64319
64324
64325
64326
64327
64328
64329
64342
64345
64374
64378
64380
64386
64397
64398
64403
64411
64417
64423
64424
64427
64428
64437
64444
64446
64460
64463
64464
64474
64487
64489
64493
64501
64502
64525
64542
64543
64544
64559
64564
64565
64566
64568
64579
64595
64598
64600
64607
64608
64609
64612
64620
64623
64669
64671
64672
64674
64678
64679
64690
64691
64697
64705
64707
64715
64719
64722
64728
64732
64738
64751
64753
64756
64761
64766
64767
64773
64776
64780
64793
64797
64806
64809
64811
64814
64816
64819
64833
64835
64836
64852
64853
64855
64858
64860
64863
64864
64869
64872
64873
64878
64879
64900
64901
64909
64911
64921
64922
64925
64926
64927
64934
64938
64939
64949
64953
64954
64955
64969
64972
64973
64977
64984
64987
64997
69003
69005
69008
69012
69013
69019
69041
69058
69063
69067
69069
69072
69077
69078
69109
69116
69131
69148
69179
69180
69187
69188
69193
69195
69197
69200
69207
69214
69226
69231
69235
69247
69254
69263
69271
69273
69299
69305
69312
69318
69328
69336
69338
69340
69345
69354
69368
69374
69377
69378
69381
69393
69413
69417
69427
69441
69443
69445
69449
69450
69451
69452
69457
69460
69465
69468
69471
69487
69491
69494
69495
69503
69528
69532
69540
69541
69546
69551
69553
69562
69563
69571
69572
69577
69584
69587
69589
69599
69607
69615
69617
69620
69623
69624
69635
69639
69644
69645
69654
69666
69671
69679
69696
69698
69706
69708
69712
69713
69731
69738
69750
69762
69765
69768
69770
69780
69782
69788
69798
69816
69828
69854
69862
69903
69908
69919
69928
69929
69930
69933
69935
69936
69951
69952
69956
