02013
02016
02021
02034
02036
02037
02062
02069
02079
02096
02144
02146
02160
02184
02186
02208
02215
02235
02254
02278
02292
02308
02429
02430
02439
02457
02461
02487
02528
02531
02539
02554
02556
02557
02564
02573
02591
02598
02625
02674
02684
02692
02698
02705
02711
02715
02722
02737
02808
02809
02813
02828
02831
02835
02842
02843
02874
02876
02877
02927
02933
02938
02947
02957
02960
02970
02977
02983
098000
098001
098003
098005
098007
098008
098011
098012
098013
098014
098016
098018
098021
098024
098027
098029
098030
098031
098032
098034
098035
098041
098042
098047
098048
098050
098051
098054
098055
098058
098061
098062
098064
098065
098068
098069
098070
098072
098074
098075
098077
098078
098079
098085
098086
098087
098088
098089
098091
098093
098094
098098
098099
098100
098101
098104
098106
098108
098109
098113
098114
098115
098117
098118
098119
098120
098122
098123
098125
098126
098127
098128
098131
098135
098136
098137
098140
098141
098142
098143
098145
098146
098147
098148
098151
098154
098157
098158
098164
098167
098168
098169
098171
098172
098173
098175
098177
098178
098179
098184
098185
098188
098190
098191
098195
098197
098198
098200
098201
098203
098205
098206
098210
098211
098213
098215
098217
098221
098226
098229
098230
098235
098237
098243
098245
098246
098247
098248
098250
098252
098253
098257
098258
098263
098264
098266
098267
098269
098272
098273
098274
098275
098276
098283
098451
098453
098458
098459
098460
098462
098464
098873
098902
098903
098904
098905
098907
098908
098909
098910
098911
098912
098913
098914
098917
098918
098919
098925
098926
098927
098928
098929
098930
098932
098936
098939
098947
098948
098950
098954
098955
098958
098959
098962
098967
098968
098973
098974
098980
098981
098982
098983
098984
098985
098986
098987
098988
098990
098991
098992
098998
099000
099002
099003
099004
099005
099007
099009
099010
099011
099013
099014
099015
099020
099021
099022
099023
099024
099026
099027
099028
099029
099030
099031
099032
099034
099035
099037
099038
099040
099041
099045
099050
099051
099052
099054
099055
099056
099057
099058
099060
099061
099065
099066
099068
099069
099072
099073
099081
099082
099084
099085
099087
099089
099090
099091
099092
099099
099102
099105
099106
099111
099112
099114
099116
099118
099120
099123
099124
099126
099127
099128
099129
099130
099132
099134
099140
099143
099145
099146
099147
099149
099152
099154
099156
099157
099161
099163
099164
099166
099167
099169
099171
099177
099180
099181
099184
099185
099186
099187
099189
099191
099192
099196
099197
099198
099201
099202
099205
099206
099207
099208
099213
099215
099216
099219
099220
099221
099223
099224
099227
099228
099229
099230
099231
099236
099237
099239
099241
099243
099244
099246
099250
099251
099252
099255
099256
099257
099260
099261
099264
099267
099268
099269
099273
099274
099275
099276
099277
099279
099280
099281
099283
099286
099288
099290
099294
099296
099297
099298
099300
099302
099307
099308
099309
099311
099312
099313
099315
099320
099321
099324
099325
099330
099331
099333
099334
099335
099337
099338
099340
099341
099342
099343
099347
099355
099357
099360
099362
099363
099364
099365
099366
099367
099368
099369
099371
099372
099374
099375
099377
099378
099379
099381
099382
099384
099387
099389
099391
099394
099395
099398
099400
099402
099403
099405
099409
099411
099412
099414
099415
099416
099417
099418
099420
099424
099426
099427
099428
099429
099432
099435
099436
099437
099441
099444
099445
099446
099447
099448
099450
099452
099453
099454
099455
099456
099459
099460
099462
099463
099468
099471
099475
099476
099479
099481
099482
099483
099485
099487
099488
099489
099490
099493
099494
099496
099497
099501
099502
099503
099504
099507
099508
099510
099511
099512
099513
099515
099518
099520
099524
099525
099526
099527
099529
099530
099531
099532
099534
099535
099536
099537
099538
099540
099541
099542
099543
099544
099547
099551
099552
099555
099560
099561
099562
099563
099565
099566
099568
099569
099570
099571
099574
099575
099577
099578
099582
099583
099584
099587
099588
099589
099590
099591
099592
099596
099597
099598
099601
099604
099605
099607
099610
099612
099614
099615
099616
099617
099625
099627
099630
099631
099632
099633
099637
099638
099639
099640
099641
099642
099643
099648
099650
099655
099657
099659
099660
099662
099664
099665
099668
099670
099671
099672
099673
099675
099677
099680
099681
099682
099683
099684
099689
099691
099693
099695
099696
099698
099699
099703
099705
099706
099708
099710
099711
099714
099715
099717
099719
099720
099722
099723
099725
099726
099727
099729
099734
099735
099738
099740
099741
099742
099743
099746
099748
099750
099751
099753
099755
099757
099761
099764
099769
099772
099774
099775
099781
099783
099788
099790
099791
099794
099797
099800
099802
099803
099804
099805
099808
099809
099810
099811
099812
099815
099819
099821
099822
099823
099827
099829
099830
099833
099835
099836
099837
099838
099840
099841
099842
099843
099845
099846
099848
099849
099850
099851
099853
099856
099858
099859
099860
099861
099863
099864
099868
099869
099871
099875
099877
099884
099885
099886
099889
099892
099895
099896
099897
099899
099900
099908
099909
099910
099911
099912
099917
099918
099919
099920
099921
099924
099925
099927
099928
099929
099930
099931
099932
099933
099934
099935
099936
099938
099940
099942
099944
099947
099949
099950
099952
099953
099954
099955
099956
099961
099962
099963
099964
099965
099966
099968
099972
099977
099979
099980
099981
099982
099984
099986
099987
099988
099989
099991
099993
099995
099996
099997
099998
32032
32061
32091
32094
32097
32114
32130
32151
32165
32183
32192
32271
32272
32347
32361
32404
32437
32451
32455
32511
32606
32608
32669
32681
32710
32783
32820
32887
32892
32900
32909
32916
32975
32982
32999
36003
36158
36167
36172
36175
36185
36250
36252
36282
36350
36427
36438
36441
36464
36474
36477
36496
36517
36546
36555
36638
36653
36656
36741
36742
36784
36802
36816
36829
36834
36899
36920
36925
36952
36956
36983
36985
40033
40106
40116
40151
40245
40315
40321
40328
40359
40436
40454
40527
40530
40541
40571
40736
40765
54001
54004
54005
54013
54027
54088
54098
54103
54121
54125
54131
54139
54158
54181
54183
54184
54201
54208
54244
54245
54259
54271
54286
54289
54295
54296
54322
54333
54334
54351
54352
54396
54401
54408
54480
54511
54517
54519
54531
54546
54560
54666
54670
54672
54675
54679
54689
54690
54718
54724
54725
54726
54737
54738
54749
54751
54753
54754
54779
54792
54797
54809
54810
54842
54878
54917
54923
54987
64000
64003
64004
64010
64042
64051
64116
64151
64160
64174
64182
64187
64188
64209
64219
64221
64229
64241
64274
64301
64326
64327
64378
64380
64397
64403
64411
64423
64427
64437
64446
64487
64564
64598
64609
64612
64620
64623
64715
64797
64833
64853
64860
64864
64869
64872
64878
64909
64934
64939
64969
64987
64992
69003
69005
69006
69008
69019
69030
69045
69109
69148
69187
69254
69260
69299
69307
69318
69338
69381
69393
69417
69457
69495
69499
69541
69546
69562
69571
69584
69599
69635
69671
69712
69737
69738
69750
69759
69798
69816
69919
